5.08
5.01
5.49
5.42
5.08
5.42
5.01
5.42
5.42
5.08
5.08
5.01
5.01
5.42
5.01
5.01
5.08
5.01
5.01
5.01
5.01
5.08
5.01
5.08
5.08
5.01
5.01
5.01
5.08
5.01
5.08
5.01
5.08
5.01
5.15
5.08
5.01
5.08
5.01
5.01
5.01
5.01
5.08
5.01
5.01
5.01
5.08
5.08
5.01
5.08
5.01
5.08
5.01
5.01
5.08
5.01
5.01
5.08
5.01
5.08
5.01
5.08
5.01
5.08
5.01
5.01
5.01
5.01
5.08
5.01
5.01
5.08
5.01
5.08
5.01
5.01
5.08
5.01
5.01
5.08
5.01
5.01
5.01
5.01
5.01
5.08
5.01
5.08
5.01
5.01
5.01
5.01
5.01
5.01
5.01
5.08
5.01
5.01
5.01
5.01
5.00 -> 5.06
10.71
11.12
10.36
9.95
10.36
9.95
10.36
9.88
10.30
11.19
9.40
11.05
10.30
10.78
10.78
10.71
10.71
10.78
10.64
10.78
10.78
10.78
10.78
10.71
10.71
10.71
10.78
10.71
10.78
10.78
10.71
10.78
10.64
10.71
10.78
10.78
10.71
10.78
10.71
10.78
10.85
10.78
10.78
10.78
10.78
10.71
10.78
10.71
10.78
10.71
10.64
10.78
10.78
10.71
10.78
10.64
10.78
10.71
10.78
10.78
10.78
10.64
10.71
10.78
10.71
10.71
10.71
10.71
10.78
10.71
10.71
10.78
10.71
10.71
10.71
10.71
10.78
10.78
10.71
10.71
10.78
10.71
10.78
10.71
10.71
10.71
10.85
10.78
10.78
10.71
10.78
10.71
10.71
10.71
10.78
10.71
10.78
10.71
10.71
10.78
10.00 -> 10.69
15.17
15.31
15.65
15.72
15.72
15.24
15.65
15.72
15.65
15.72
15.65
15.31
15.24
15.24
15.24
15.24
15.31
15.17
15.24
15.24
15.24
15.31
15.17
15.31
15.24
15.24
15.38
15.17
15.24
15.31
15.31
15.17
15.24
15.38
15.24
15.38
15.24
15.24
15.31
15.24
15.24
15.24
15.38
15.38
15.24
15.24
15.31
15.24
15.24
15.24
15.31
15.31
15.24
15.24
15.31
15.24
15.24
15.17
15.24
15.31
15.31
15.24
15.24
15.31
15.24
15.24
15.31
15.31
15.24
15.24
15.38
15.24
15.17
15.24
15.24
15.24
15.31
15.31
15.31
15.24
15.31
15.24
15.24
15.24
15.31
15.17
15.10
15.24
15.24
15.38
15.38
15.17
15.24
15.24
15.31
15.31
15.31
15.31
15.24
15.24
15.00 -> 15.30
20.25
20.18
20.18
20.18
20.18
20.18
20.25
20.25
20.25
20.11
20.11
20.18
20.18
20.18
20.18
20.18
20.18
20.18
20.18
20.18
20.18
20.18
20.11
20.18
20.18
20.18
20.18
20.18
20.18
20.18
20.18
20.11
20.18
20.18
20.18
20.18
20.18
20.18
20.18
20.25
20.18
20.11
20.18
20.18
20.18
20.18
20.18
20.18
20.18
20.25
20.18
20.18
20.25
20.18
20.18
20.18
20.18
20.18
20.18
20.18
20.18
20.25
20.18
20.25
20.18
20.18
20.18
20.18
20.18
20.25
20.18
20.25
20.18
20.18
20.18
20.18
20.18
20.18
20.18
20.18
20.25
20.18
20.18
20.25
20.18
20.18
20.18
20.18
20.18
20.18
20.18
20.18
20.18
20.18
20.25
20.18
20.18
20.18
20.18
20.18
20.00 -> 20.19
25.26
25.60
25.26
25.53
25.12
25.26
25.60
25.26
25.67
25.19
25.60
25.26
25.60
25.19
25.26
25.26
25.26
25.67
25.19
25.26
25.26
25.67
25.26
25.26
25.26
25.67
25.26
25.60
25.26
25.26
25.12
25.26
25.26
25.26
25.67
25.19
25.26
25.67
25.26
25.53
25.67
25.26
25.67
25.60
25.53
25.67
25.53
25.60
25.26
25.26
25.26
25.67
25.26
25.67
25.60
25.67
25.67
25.67
25.67
25.60
25.67
25.67
25.67
25.67
25.53
25.60
25.60
25.26
25.67
25.67
25.67
25.67
25.60
25.60
25.67
25.67
25.67
25.67
25.26
25.26
25.26
25.19
25.67
25.67
25.53
25.60
25.26
25.26
25.60
25.26
25.67
25.26
25.67
25.60
25.60
25.60
25.67
25.67
25.26
25.60
25.00 -> 25.47
30.13
29.79
29.72
30.13
30.13
30.13
30.13
29.72
30.13
29.72
30.13
30.20
30.20
30.20
30.20
30.13
30.20
30.13
30.13
30.20
30.13
30.20
30.13
30.13
30.20
30.13
30.20
30.13
30.13
30.20
30.20
30.20
30.13
30.13
30.20
30.20
30.13
30.20
30.13
30.13
30.13
30.20
30.20
30.13
30.13
30.20
30.13
30.20
30.20
30.27
30.13
30.20
30.13
30.13
30.20
30.13
30.20
30.13
30.27
30.20
30.13
30.20
30.13
30.20
30.20
30.13
30.20
30.13
30.20
30.13
30.13
30.20
30.13
30.20
30.13
30.20
30.13
30.13
30.13
30.13
30.13
30.20
30.13
30.20
30.13
30.13
30.20
30.13
30.13
30.20
30.20
30.13
30.20
30.20
30.20
30.20
30.13
30.20
30.13
30.20
30.00 -> 30.15
35.08
35.08
35.14
35.08
35.42
35.08
35.14
35.08
35.08
35.08
35.56
35.08
35.01
35.01
35.14
35.08
35.08
35.08
35.08
35.14
35.08
35.08
35.08
35.01
35.01
35.08
35.08
35.08
35.14
35.08
35.08
35.08
35.08
35.01
35.08
35.08
35.08
35.08
35.01
35.14
35.08
35.08
35.08
35.08
35.08
35.08
35.01
35.08
35.08
35.08
35.08
35.08
35.08
35.01
35.14
35.08
35.08
35.08
35.14
35.08
35.08
35.08
35.08
35.08
35.01
35.14
35.08
35.08
35.08
35.08
35.08
35.01
35.14
35.08
35.08
35.08
35.08
35.21
35.08
35.14
35.08
35.08
35.08
35.08
35.08
35.14
35.08
35.08
35.01
35.08
35.08
35.08
35.01
35.08
35.08
35.08
35.08
35.14
35.08
35.08
35.00 -> 35.09
40.43
40.36
40.09
39.95
40.02
40.02
40.36
40.02
40.50
40.43
40.36
40.36
40.43
40.36
40.29
40.43
40.36
40.50
40.50
40.50
40.43
40.43
40.43
40.43
40.43
40.43
40.50
40.50
40.50
40.43
40.43
40.43
40.43
40.50
40.50
40.57
40.43
40.43
40.43
40.43
40.43
40.43
40.36
40.50
40.50
40.50
40.50
40.43
40.50
40.50
40.50
40.36
40.43
40.43
40.43
40.50
40.50
40.50
40.50
40.50
40.50
40.43
40.43
40.43
40.43
40.43
40.50
40.50
40.50
40.50
40.36
40.36
40.43
40.43
40.50
40.50
40.50
40.50
40.50
40.36
40.36
40.36
40.43
40.43
40.36
40.43
40.43
40.43
40.36
40.36
40.43
40.50
40.50
40.50
40.50
40.36
40.43
40.50
40.50
40.50
40.00 -> 40.42